6901
66.8 90.9 87.7 65.6
9802 
99.5 88.8 55.9 94.5
8703
88.8 77.6 66.6 89.9
9704
90.4 77.3 72.2 68.8
7705
77.2 77.8 88.3 83.2
5806 
55.9 89.9 82.2 84.6
9907
98.8 93.5 94.1 90.2
1108
89.9 33.5 76.4 67.1
3809
66.5 55.7 55.8 44.9
2210
88.9 88.0 81.4 82.4
6511
66.7 56.8 71.2 65.9
5612
55.5 66.6 66.2 62.1
6713
67.3 77.8 65.9 87.2
9914
99.3 92.2 87.8 90.3
6615
66.1 62.6 54.1 45.2
5316
55.4 34.4 23.4 77.1
7617
77.4 66.8 75.5 75.2
8718
80.3 78.9 71.4 62.2
3319
77.8 77.9 72.4 80.1
9820
99.9 89.9 99.9 94.6
1921
66.7 77.1 76.6 79.3
8822
88.2 82.2 78.9 68.3
4523
98.3 89.3 78.4 99.4
7324
77.9 34.7 78.9 78.4
5425
56.6 45.6 34.5 23.8
6526
66.7 56.2 78.9 55.9
9927
92.3 92.3 94.3 80.2
6228
90.9 88.3 88.8 91.1
2829
76.8 87.4 87.1 79.3
5830
55.8 89.9 78.2 90.3
6831
66.8 90.9 58.4 69.4
6732
69.9 78.7 50.2 67.5
7733
77.9 71.2 76.7 75.3
5234
82.2 81.9 72.6 75.6
2335
98.3 87.3 93.7 89.2
1936
77.3 66.3 74.8 50.6
6737
66.2 67.3 72.1 45.6
8538
88.8 59.2 67.7 90.5
5639
55.5 66.6 54.5 59.9
8840
77.8 98.2 88.3 78.5
8641
88.8 67.8 86.6 78.2
1042
45.5 56.5 34.6 55.6
6343 
78.7 76.6 77.2 71.4
9244
60.4 90.9 96.3 77.7
-999

